waiting for 1 second sample...

# DISK STATISTICS (/sec)
#                   <---------reads---------------><---------writes--------------><--------averages--------> Pct
#Time     Name       KBytes Merged  IOs Size  Wait  KBytes Merged  IOs Size  Wait  RWSize  QLen  Wait SvcTim Util
14:05:16 sda              0      0    0    0     0       0      0    0    0     0       0     0     0      0    0
14:05:17 sda              0      0    0    0     0       0      0    0    0     0       0     0     0      0    0
14:05:18 sda              0      0    0    0     0       0      0    0    0     0       0     0     0      0    0
14:05:19 sda              0      0    0    0     0       0      0    0    0     0       0     0     0      0    0
14:05:20 sda              0      0    0    0     0       0      0    0    0     0       0     0     0      0    0
14:05:21 sda              0      0    0    0     0       0      0    0    0     0       0     0     0      0    0
14:05:22 sda              0      0    0    0     0       0      0    0    0     0       0     0     0      0    0
14:05:23 sda              0      0    0    0     0       0      0    0    0     0       0     0     0      0    0
14:05:24 sda              0      0    0    0     0       0      0    0    0     0       0     0     0      0    0
14:05:25 sda              0      0    0    0     0       0      0    0    0     0       0     0     0      0    0
14:05:26 sda              0      0    0    0     0       0      0    0    0     0       0     0     0      0    0
14:05:27 sda              0      0    0    0     0       0      0    0    0     0       0     0     0      0    0
14:05:28 sda              0      0    0    0     0       0      0    0    0     0       0     0     0      0    0
14:05:29 sda              0      0    0    0     0       0      0    0    0     0       0     0     0      0    0
14:05:30 sda              0      0    0    0     0       0      0    0    0     0       0     0     0      0    0
14:05:31 sda              0      0    0    0     0       0      0    0    0     0       0     0     0      0    0
14:05:32 sda              0      0    0    0     0       0      0    0    0     0       0     0     0      0    0
14:05:33 sda              0      0    0    0     0       0      0    0    0     0       0     0     0      0    0
14:05:34 sda              0      0    0    0     0       0      0    0    0     0       0     0     0      0    0
14:05:35 sda              0      0    0    0     0       0      0    0    0     0       0     0     0      0    0
14:05:36 sda              0      0    0    0     0       0      0    0    0     0       0     0     0      0    0
14:05:37 sda              0      0    0    0     0       0      0    0    0     0       0     0     0      0    0

# DISK STATISTICS (/sec)
#                   <---------reads---------------><---------writes--------------><--------averages--------> Pct
#Time     Name       KBytes Merged  IOs Size  Wait  KBytes Merged  IOs Size  Wait  RWSize  QLen  Wait SvcTim Util
14:05:38 sda              0      0    0    0     0      12      1    2    6    16       6     1    16     16    3
14:05:39 sda              0      0    0    0     0       0      0    0    0     0       0     0     0      0    0
14:05:40 sda              0      0    0    0     0       0      0    0    0     0       0     0     0      0    0
14:05:41 sda              0      0    0    0     0       0      0    0    0     0       0     0     0      0    0
14:05:42 sda              0      0    0    0     0       0      0    0    0     0       0     0     0      0    0
14:05:43 sda              0      0    0    0     0       0      0    0    0     0       0     0     0      0    0
14:05:44 sda              0      0    0    0     0       0      0    0    0     0       0     0     0      0    0
14:05:45 sda              0      0    0    0     0       0      0    0    0     0       0     0     0      0    0
14:05:46 sda              0      0    0    0     0       0      0    0    0     0       0     0     0      0    0
14:05:47 sda              0      0    0    0     0       0      0    0    0     0       0     0     0      0    0
14:05:48 sda              0      0    0    0     0       0      0    0    0     0       0     0     0      0    0
14:05:49 sda              0      0    0    0     0       0      0    0    0     0       0     0     0      0    0
14:05:50 sda              0      0    0    0     0       0      0    0    0     0       0     0     0      0    0
14:05:51 sda              0      0    0    0     0       0      0    0    0     0       0     0     0      0    0
14:05:52 sda              0      0    0    0     0       0      0    0    0     0       0     0     0      0    0
14:05:53 sda              0      0    0    0     0       0      0    0    0     0       0     0     0      0    0
14:05:54 sda              0      0    0    0     0       0      0    0    0     0       0     0     0      0    0
14:05:55 sda              0      0    0    0     0       0      0    0    0     0       0     0     0      0    0
14:05:56 sda              0      0    0    0     0       0      0    0    0     0       0     0     0      0    0
14:05:57 sda              0      0    0    0     0       0      0    0    0     0       0     0     0      0    0
14:05:58 sda              0      0    0    0     0       0      0    0    0     0       0     0     0      0    0
14:05:59 sda              0      0    0    0     0       0      0    0    0     0       0     0     0      0    0

# DISK STATISTICS (/sec)
#                   <---------reads---------------><---------writes--------------><--------averages--------> Pct
#Time     Name       KBytes Merged  IOs Size  Wait  KBytes Merged  IOs Size  Wait  RWSize  QLen  Wait SvcTim Util
14:06:00 sda              0      0    0    0     0       0      0    0    0     0       0     0     0      0    0
14:06:01 sda              0      0    0    0     0       0      0    0    0     0       0     0     0      0    0
14:06:02 sda              0      0    0    0     0       0      0    0    0     0       0     0     0      0    0
14:06:03 sda              0      0    0    0     0       0      0    0    0     0       0     0     0      0    0
14:06:04 sda              0      0    0    0     0       0      0    0    0     0       0     0     0      0    0
14:06:05 sda              0      0    0    0     0       0      0    0    0     0       0     0     0      0    0
14:06:06 sda              0      0    0    0     0       0      0    0    0     0       0     0     0      0    0
14:06:07 sda              0      0    0    0     0       0      0    0    0     0       0     0     0      0    0
14:06:08 sda              0      0    0    0     0       0      0    0    0     0       0     0     0      0    0
14:06:09 sda              0      0    0    0     0       0      0    0    0     0       0     0     0      0    0
14:06:10 sda              0      0    0    0     0       0      0    0    0     0       0     0     0      0    0
14:06:11 sda              0      0    0    0     0       0      0    0    0     0       0     0     0      0    0
14:06:12 sda              0      0    0    0     0       4      0    1    4     0       4     0     0      0    0
14:06:13 sda              0      0    0    0     0       0      0    0    0     0       0     0     0      0    0
14:06:14 sda              0      0    0    0     0       0      0    0    0     0       0     0     0      0    0
14:06:15 sda              0      0    0    0     0       0      0    0    0     0       0     0     0      0    0
14:06:16 sda              0      0    0    0     0       0      0    0    0     0       0     0     0      0    0
14:06:17 sda              0      0    0    0     0       0      0    0    0     0       0     0     0      0    0
14:06:18 sda              0      0    0    0     0       0      0    0    0     0       0     0     0      0    0
14:06:19 sda              0      0    0    0     0       0      0    0    0     0       0     0     0      0    0
14:06:20 sda              0      0    0    0     0       0      0    0    0     0       0     0     0      0    0
14:06:21 sda              0      0    0    0     0       0      0    0    0     0       0     0     0      0    0

# DISK STATISTICS (/sec)
#                   <---------reads---------------><---------writes--------------><--------averages--------> Pct
#Time     Name       KBytes Merged  IOs Size  Wait  KBytes Merged  IOs Size  Wait  RWSize  QLen  Wait SvcTim Util
14:06:22 sda              0      0    0    0     0       0      0    0    0     0       0     0     0      0    0
14:06:23 sda              0      0    0    0     0       0      0    0    0     0       0     0     0      0    0
14:06:24 sda              0      0    0    0     0       0      0    0    0     0       0     0     0      0    0
14:06:25 sda              0      0    0    0     0       0      0    0    0     0       0     0     0      0    0
14:06:26 sda              0      0    0    0     0       0      0    0    0     0       0     0     0      0    0
14:06:27 sda              0      0    0    0     0       0      0    0    0     0       0     0     0      0    0
14:06:28 sda              0      0    0    0     0       0      0    0    0     0       0     0     0      0    0
14:06:29 sda              0      0    0    0     0      12      1    2    6    16       6     1    16     16    3
14:06:30 sda              0      0    0    0     0       0      0    0    0     0       0     0     0      0    0
14:06:31 sda              0      0    0    0     0       0      0    0    0     0       0     0     0      0    0
14:06:32 sda              0      0    0    0     0       0      0    0    0     0       0     0     0      0    0
14:06:33 sda              0      0    0    0     0       0      0    0    0     0       0     0     0      0    0
14:06:34 sda              0      0    0    0     0       0      0    0    0     0       0     0     0      0    0
14:06:35 sda              0      0    0    0     0       0      0    0    0     0       0     0     0      0    0
14:06:36 sda              0      0    0    0     0       0      0    0    0     0       0     0     0      0    0
14:06:37 sda              0      0    0    0     0       0      0    0    0     0       0     0     0      0    0
14:06:38 sda              0      0    0    0     0       0      0    0    0     0       0     0     0      0    0
14:06:39 sda              0      0    0    0     0       0      0    0    0     0       0     0     0      0    0
14:06:40 sda              0      0    0    0     0       0      0    0    0     0       0     0     0      0    0
14:06:41 sda              0      0    0    0     0       0      0    0    0     0       0     0     0      0    0
14:06:42 sda              0      0    0    0     0       0      0    0    0     0       0     0     0      0    0
14:06:43 sda              0      0    0    0     0       0      0    0    0     0       0     0     0      0    0

# DISK STATISTICS (/sec)
#                   <---------reads---------------><---------writes--------------><--------averages--------> Pct
#Time     Name       KBytes Merged  IOs Size  Wait  KBytes Merged  IOs Size  Wait  RWSize  QLen  Wait SvcTim Util
14:06:44 sda              0      0    0    0     0       0      0    0    0     0       0     0     0      0    0
14:06:45 sda              0      0    0    0     0       0      0    0    0     0       0     0     0      0    0
14:06:46 sda              0      0    0    0     0       0      0    0    0     0       0     0     0      0    0
14:06:47 sda              0      0    0    0     0       0      0    0    0     0       0     0     0      0    0
14:06:48 sda              0      0    0    0     0       0      0    0    0     0       0     0     0      0    0
14:06:49 sda              0      0    0    0     0       0      0    0    0     0       0     0     0      0    0
14:06:50 sda              0      0    0    0     0       0      0    0    0     0       0     0     0      0    0
14:06:51 sda              0      0    0    0     0       0      0    0    0     0       0     0     0      0    0
14:06:52 sda              0      0    0    0     0       0      0    0    0     0       0     0     0      0    0
