waiting for 1 second sample...

# NETWORK STATISTICS (/sec)
#Time     Num    Name   KBIn  PktIn SizeIn  MultI   CmpI  ErrsI  KBOut PktOut  SizeO   CmpO  ErrsO
14:05:16    0    eth0      0      0      0      0      0      0      0      0      0      0      0
14:05:16    1    eth1      0      0      0      0      0      0      0      0      0      0      0
14:05:16    2    eth2      0      0      0      0      0      0      0      0      0      0      0
14:05:16    3    eth3      0      0      0      0      0      0      0      0      0      0      0
14:05:16    4      lo      0      0      0      0      0      0      0      0      0      0      0
14:05:17    0    eth0    161    681    242      1      0      0    191    680    287      0      0
14:05:17    1    eth1      0      0      0      0      0      0      0      0      0      0      0
14:05:17    2    eth2      0      0      0      0      0      0      0      0      0      0      0
14:05:17    3    eth3      0      0      0      0      0      0      0      0      0      0      0
14:05:17    4      lo      0      0      0      0      0      0      0      0      0      0      0
14:05:18    0    eth0    313   1324    242      0      0      0    379   1334    290      0      0
14:05:18    1    eth1      0      0      0      0      0      0      0      0      0      0      0
14:05:18    2    eth2      0      0      0      0      0      0      0      0      0      0      0
14:05:18    3    eth3      0      0      0      0      0      0      0      0      0      0      0
14:05:18    4      lo      0      0      0      0      0      0      0      0      0      0      0
14:05:19    0    eth0      0      3    102      1      0      0      0      1    162      0      0
14:05:19    1    eth1      0      0      0      0      0      0      0      0      0      0      0
14:05:19    2    eth2      0      0      0      0      0      0      0      0      0      0      0
14:05:19    3    eth3      0      0      0      0      0      0      0      0      0      0      0
14:05:19    4      lo      0      0      0      0      0      0      0      0      0      0      0
14:05:20    0    eth0      0      4     92      0      0      0      0      2    178      0      0
14:05:20    1    eth1      0      0      0      0      0      0      0      0      0      0      0
14:05:20    2    eth2      0      0      0      0      0      0      0      0      0      0      0
14:05:20    3    eth3      0      0      0      0      0      0      0      0      0      0      0
14:05:20    4      lo      0      0      0      0      0      0      0      0      0      0      0
14:05:21    0    eth0      0      1    123      1      0      0      0      0      0      0      0
14:05:21    1    eth1      0      0      0      0      0      0      0      0      0      0      0
14:05:21    2    eth2      0      0      0      0      0      0      0      0      0      0      0
14:05:21    3    eth3      0      0      0      0      0      0      0      0      0      0      0
14:05:21    4      lo      0      0      0      0      0      0      0      0      0      0      0
14:05:22    0    eth0      0      0      0      0      0      0      0      0      0      0      0
14:05:22    1    eth1      0      0      0      0      0      0      0      0      0      0      0
14:05:22    2    eth2      0      0      0      0      0      0      0      0      0      0      0
14:05:22    3    eth3      0      0      0      0      0      0      0      0      0      0      0
14:05:22    4      lo      0      0      0      0      0      0      0      0      0      0      0
14:05:23    0    eth0      0      8    110      1      0      0      0      9     96      0      0
14:05:23    1    eth1      0      0      0      0      0      0      0      0      0      0      0
14:05:23    2    eth2      0      0      0      0      0      0      0      0      0      0      0
14:05:23    3    eth3      0      0      0      0      0      0      0      0      0      0      0
14:05:23    4      lo      0      0      0      0      0      0      0      0      0      0      0
14:05:24    0    eth0      0      2     92      0      0      0      0      1    258      0      0
14:05:24    1    eth1      0      0      0      0      0      0      0      0      0      0      0
14:05:24    2    eth2      0      0      0      0      0      0      0      0      0      0      0
14:05:24    3    eth3      0      0      0      0      0      0      0      0      0      0      0
14:05:24    4      lo      0      0      0      0      0      0      0      0      0      0      0
14:05:25    0    eth0      0      1    123      1      0      0      0      0      0      0      0
14:05:25    1    eth1      0      0      0      0      0      0      0      0      0      0      0
14:05:25    2    eth2      0      0      0      0      0      0      0      0      0      0      0
14:05:25    3    eth3      0      0      0      0      0      0      0      0      0      0      0
14:05:25    4      lo      0      0      0      0      0      0      0      0      0      0      0
14:05:26    0    eth0      0      0      0      0      0      0      0      0      0      0      0
14:05:26    1    eth1      0      0      0      0      0      0      0      0      0      0      0
14:05:26    2    eth2      0      0      0      0      0      0      0      0      0      0      0
14:05:26    3    eth3      0      0      0      0      0      0      0      0      0      0      0
14:05:26    4      lo      0      0      0      0      0      0      0      0      0      0      0
14:05:27    0    eth0      0      3     97      1      0      0      0      1    194      0      0
14:05:27    1    eth1      0      0      0      0      0      0      0      0      0      0      0
14:05:27    2    eth2      0      0      0      0      0      0      0      0      0      0      0
14:05:27    3    eth3      0      0      0      0      0      0      0      0      0      0      0
14:05:27    4      lo      0      0      0      0      0      0      0      0      0      0      0
14:05:28    0    eth0      0      9    105      0      0      0      1     10    114      0      0
14:05:28    1    eth1      0      0      0      0      0      0      0      0      0      0      0
14:05:28    2    eth2      0      0      0      0      0      0      0      0      0      0      0
14:05:28    3    eth3      0      0      0      0      0      0      0      0      0      0      0
14:05:28    4      lo      0      0      0      0      0      0      0      0      0      0      0
14:05:29    0    eth0      0      3    102      1      0      0      0      1    178      0      0
14:05:29    1    eth1      0      0      0      0      0      0      0      0      0      0      0
14:05:29    2    eth2      0      0      0      0      0      0      0      0      0      0      0
14:05:29    3    eth3      0      0      0      0      0      0      0      0      0      0      0
14:05:29    4      lo      0      0      0      0      0      0      0      0      0      0      0
14:05:30    0    eth0     88    708    127      0      0      0    220    715    316      0      0
14:05:30    1    eth1      0      0      0      0      0      0      0      0      0      0      0
14:05:30    2    eth2      0      0      0      0      0      0      0      0      0      0      0
14:05:30    3    eth3      0      0      0      0      0      0      0      0      0      0      0
14:05:30    4      lo      0      0      0      0      0      0      0      0      0      0      0
14:05:31    0    eth0      0      2    118      1      0      0      0      1     70      0      0
14:05:31    1    eth1      0      0      0      0      0      0      0      0      0      0      0
14:05:31    2    eth2      0      0      0      0      0      0      0      0      0      0      0
14:05:31    3    eth3      0      0      0      0      0      0      0      0      0      0      0
14:05:31    4      lo      0      0      0      0      0      0      0      0      0      0      0
14:05:32    0    eth0      0      0      0      0      0      0      0      0      0      0      0
14:05:32    1    eth1      0      0      0      0      0      0      0      0      0      0      0
14:05:32    2    eth2      0      0      0      0      0      0      0      0      0      0      0
14:05:32    3    eth3      0      0      0      0      0      0      0      0      0      0      0
14:05:32    4      lo    348     61   5843      0      0      0    348     61   5843      0      0
14:05:33    0    eth0      0      7    109      1      0      0      0      9     86      0      0
14:05:33    1    eth1      0      0      0      0      0      0      0      0      0      0      0
14:05:33    2    eth2      0      0      0      0      0      0      0      0      0      0      0
14:05:33    3    eth3      0      0      0      0      0      0      0      0      0      0      0
14:05:33    4      lo      0      0      0      0      0      0      0      0      0      0      0
14:05:34    0    eth0      0      1     64      0      0      0      0      1     78      0      0
14:05:34    1    eth1      0      0      0      0      0      0      0      0      0      0      0
14:05:34    2    eth2      0      0      0      0      0      0      0      0      0      0      0
14:05:34    3    eth3      0      0      0      0      0      0      0      0      0      0      0
14:05:34    4      lo      0      0      0      0      0      0      0      0      0      0      0
14:05:35    0    eth0      0      8    110      1      0      0      1      8    139      0      0
14:05:35    1    eth1      0      0      0      0      0      0      0      0      0      0      0
14:05:35    2    eth2      0      0      0      0      0      0      0      0      0      0      0
14:05:35    3    eth3      0      0      0      0      0      0      0      0      0      0      0
14:05:35    4      lo 249285   8201  31126      0      0      0 249285   8201  31126      0      0
14:05:36    0    eth0      0      3     70      0      0      0      0      3    151      0      0
14:05:36    1    eth1      0      0      0      0      0      0      0      0      0      0      0
14:05:36    2    eth2      0      0      0      0      0      0      0      0      0      0      0
14:05:36    3    eth3      0      0      0      0      0      0      0      0      0      0      0
14:05:36    4      lo 338227  10956  31612      0      0      0 338227  10956  31612      0      0
14:05:37    0    eth0  28046  24102   1191      1      0      0  39159  29537   1357      0      0
14:05:37    1    eth1      0      0      0      0      0      0      0      0      0      0      0
14:05:37    2    eth2      0      0      0      0      0      0      0      0      0      0      0
14:05:37    3    eth3      0      0      0      0      0      0      0      0      0      0      0
14:05:37    4      lo 336116  10911  31544      0      0      0 336116  10911  31544      0      0

# NETWORK STATISTICS (/sec)
#Time     Num    Name   KBIn  PktIn SizeIn  MultI   CmpI  ErrsI  KBOut PktOut  SizeO   CmpO  ErrsO
14:05:38    0    eth0  45607  37550   1243      0      0      0  51161  39118   1339      0      0
14:05:38    1    eth1      0      0      0      0      0      0      0      0      0      0      0
14:05:38    2    eth2      0      0      0      0      0      0      0      0      0      0      0
14:05:38    3    eth3      0      0      0      0      0      0      0      0      0      0      0
14:05:38    4      lo 338405  10911  31759      0      0      0 338405  10911  31759      0      0
14:05:39    0    eth0  50007  40243   1272      1      0      0  48704  37951   1314      0      0
14:05:39    1    eth1      0      0      0      0      0      0      0      0      0      0      0
14:05:39    2    eth2      0      0      0      0      0      0      0      0      0      0      0
14:05:39    3    eth3      0      0      0      0      0      0      0      0      0      0      0
14:05:39    4      lo 305489   9785  31969      0      0      0 305489   9785  31969      0      0
14:05:40    0    eth0  43968  37044   1215      0      0      0  55061  41602   1355      0      0
14:05:40    1    eth1      0      0      0      0      0      0      0      0      0      0      0
14:05:40    2    eth2      0      0      0      0      0      0      0      0      0      0      0
14:05:40    3    eth3      0      0      0      0      0      0      0      0      0      0      0
14:05:40    4      lo 334101  10804  31666      0      0      0 334101  10804  31666      0      0
14:05:41    0    eth0  46586  38012   1254      1      0      0  49183  38031   1324      0      0
14:05:41    1    eth1      0      0      0      0      0      0      0      0      0      0      0
14:05:41    2    eth2      0      0      0      0      0      0      0      0      0      0      0
14:05:41    3    eth3      0      0      0      0      0      0      0      0      0      0      0
14:05:41    4      lo 327666  10645  31520      0      0      0 327666  10645  31520      0      0
14:05:42    0    eth0  50212  40386   1273      0      0      0  48711  38049   1310      0      0
14:05:42    1    eth1      0      0      0      0      0      0      0      0      0      0      0
14:05:42    2    eth2      0      0      0      0      0      0      0      0      0      0      0
14:05:42    3    eth3      0      0      0      0      0      0      0      0      0      0      0
14:05:42    4      lo 334095  10802  31671      0      0      0 334095  10802  31671      0      0
14:05:43    0    eth0  42677  36052   1212      0      0      0  54740  41131   1362      0      0
14:05:43    1    eth1      0      0      0      0      0      0      0      0      0      0      0
14:05:43    2    eth2      0      0      0      0      0      0      0      0      0      0      0
14:05:43    3    eth3      0      0      0      0      0      0      0      0      0      0      0
14:05:43    4      lo 333381  10786  31649      0      0      0 333381  10786  31649      0      0
14:05:44    0    eth0  47505  38612   1259      0      0      0  49452  37892   1336      0      0
14:05:44    1    eth1      0      0      0      0      0      0      0      0      0      0      0
14:05:44    2    eth2      0      0      0      0      0      0      0      0      0      0      0
14:05:44    3    eth3      0      0      0      0      0      0      0      0      0      0      0
14:05:44    4      lo 310513  10024  31720      0      0      0 310513  10024  31720      0      0
14:05:45    0    eth0  48799  39486   1265      1      0      0  48706  37980   1313      0      0
14:05:45    1    eth1      0      0      0      0      0      0      0      0      0      0      0
14:05:45    2    eth2      0      0      0      0      0      0      0      0      0      0      0
14:05:45    3    eth3      0      0      0      0      0      0      0      0      0      0      0
14:05:45    4      lo 333963  10809  31638      0      0      0 333963  10809  31638      0      0
14:05:46    0    eth0  43364  36670   1210      0      0      0  55640  41931   1358      0      0
14:05:46    1    eth1      0      0      0      0      0      0      0      0      0      0      0
14:05:46    2    eth2      0      0      0      0      0      0      0      0      0      0      0
14:05:46    3    eth3      0      0      0      0      0      0      0      0      0      0      0
14:05:46    4      lo 338023  10991  31492      0      0      0 338023  10991  31492      0      0
14:05:47    0    eth0  47448  38514   1261      1      0      0  48670  37501   1329      0      0
14:05:47    1    eth1      0      0      0      0      0      0      0      0      0      0      0
14:05:47    2    eth2      0      0      0      0      0      0      0      0      0      0      0
14:05:47    3    eth3      0      0      0      0      0      0      0      0      0      0      0
14:05:47    4      lo 338166  10950  31623      0      0      0 338166  10950  31623      0      0
14:05:48    0    eth0  46293  37712   1257      0      0      0  48685  37675   1323      0      0
14:05:48    1    eth1      0      0      0      0      0      0      0      0      0      0      0
14:05:48    2    eth2      0      0      0      0      0      0      0      0      0      0      0
14:05:48    3    eth3      0      0      0      0      0      0      0      0      0      0      0
14:05:48    4      lo 334138  10831  31590      0      0      0 334138  10831  31590      0      0
14:05:49    0    eth0  45758  37352   1254      1      0      0  48790  37854   1319      0      0
14:05:49    1    eth1      0      0      0      0      0      0      0      0      0      0      0
14:05:49    2    eth2      0      0      0      0      0      0      0      0      0      0      0
14:05:49    3    eth3      0      0      0      0      0      0      0      0      0      0      0
14:05:49    4      lo 309573   9966  31808      0      0      0 309573   9966  31808      0      0
14:05:50    0    eth0  41943  35436   1212      0      0      0  53947  40893   1350      0      0
14:05:50    1    eth1      0      0      0      0      0      0      0      0      0      0      0
14:05:50    2    eth2      0      0      0      0      0      0      0      0      0      0      0
14:05:50    3    eth3      0      0      0      0      0      0      0      0      0      0      0
14:05:50    4      lo 334367  10856  31539      0      0      0 334367  10856  31539      0      0
14:05:51    0    eth0  48432  38423   1290      1      0      0  43312  34286   1293      0      0
14:05:51    1    eth1      0      0      0      0      0      0      0      0      0      0      0
14:05:51    2    eth2      0      0      0      0      0      0      0      0      0      0      0
14:05:51    3    eth3      0      0      0      0      0      0      0      0      0      0      0
14:05:51    4      lo 334090  10822  31612      0      0      0 334090  10822  31612      0      0
14:05:52    0    eth0  35335  30614   1181      0      0      0  51212  38495   1362      0      0
14:05:52    1    eth1      0      0      0      0      0      0      0      0      0      0      0
14:05:52    2    eth2      0      0      0      0      0      0      0      0      0      0      0
14:05:52    3    eth3      0      0      0      0      0      0      0      0      0      0      0
14:05:52    4      lo 333966  10826  31588      0      0      0 333966  10826  31588      0      0
14:05:53    0    eth0  48609  38924   1278      1      0      0  46126  36479   1294      0      0
14:05:53    1    eth1      0      0      0      0      0      0      0      0      0      0      0
14:05:53    2    eth2      0      0      0      0      0      0      0      0      0      0      0
14:05:53    3    eth3      0      0      0      0      0      0      0      0      0      0      0
14:05:53    4      lo 305040   9853  31702      0      0      0 305040   9853  31702      0      0
14:05:54    0    eth0  42095  35341   1219      0      0      0  52251  40103   1334      0      0
14:05:54    1    eth1      0      0      0      0      0      0      0      0      0      0      0
14:05:54    2    eth2      0      0      0      0      0      0      0      0      0      0      0
14:05:54    3    eth3      0      0      0      0      0      0      0      0      0      0      0
14:05:54    4      lo 332526  10865  31339      0      0      0 332526  10865  31339      0      0
14:05:55    0    eth0  41790  34920   1225      0      0      0  50483  38618   1338      0      0
14:05:55    1    eth1      0      0      0      0      0      0      0      0      0      0      0
14:05:55    2    eth2      0      0      0      0      0      0      0      0      0      0      0
14:05:55    3    eth3      0      0      0      0      0      0      0      0      0      0      0
14:05:55    4      lo 339624  11002  31607      0      0      0 339624  11002  31607      0      0
14:05:56    0    eth0  48911  39024   1283      0      0      0  45209  35829   1292      0      0
14:05:56    1    eth1      0      0      0      0      0      0      0      0      0      0      0
14:05:56    2    eth2      0      0      0      0      0      0      0      0      0      0      0
14:05:56    3    eth3      0      0      0      0      0      0      0      0      0      0      0
14:05:56    4      lo 342999  11147  31507      0      0      0 342999  11147  31507      0      0
14:05:57    0    eth0  41944  35452   1211      1      0      0  53672  40722   1349      0      0
14:05:57    1    eth1      0      0      0      0      0      0      0      0      0      0      0
14:05:57    2    eth2      0      0      0      0      0      0      0      0      0      0      0
14:05:57    3    eth3      0      0      0      0      0      0      0      0      0      0      0
14:05:57    4      lo 333950  10752  31804      0      0      0 333950  10752  31804      0      0
14:05:58    0    eth0  44497  36515   1247      0      0      0  48705  38004   1312      0      0
14:05:58    1    eth1      0      0      0      0      0      0      0      0      0      0      0
14:05:58    2    eth2      0      0      0      0      0      0      0      0      0      0      0
14:05:58    3    eth3      0      0      0      0      0      0      0      0      0      0      0
14:05:58    4      lo 135113   4375  31624      0      0      0 135113   4375  31624      0      0
14:05:59    0    eth0  51246  41021   1279      1      0      0  48813  39548   1263      0      0
14:05:59    1    eth1      0      0      0      0      0      0      0      0      0      0      0
14:05:59    2    eth2      0      0      0      0      0      0      0      0      0      0      0
14:05:59    3    eth3      0      0      0      0      0      0      0      0      0      0      0
14:05:59    4      lo      0      0      0      0      0      0      0      0      0      0      0

# NETWORK STATISTICS (/sec)
#Time     Num    Name   KBIn  PktIn SizeIn  MultI   CmpI  ErrsI  KBOut PktOut  SizeO   CmpO  ErrsO
14:06:00    0    eth0  45517  38077   1224      0      0      0  55676  43635   1306      0      0
14:06:00    1    eth1      0      0      0      0      0      0      0      0      0      0      0
14:06:00    2    eth2      0      0      0      0      0      0      0      0      0      0      0
14:06:00    3    eth3      0      0      0      0      0      0      0      0      0      0      0
14:06:00    4      lo      0      0      0      0      0      0      0      0      0      0      0
14:06:01    0    eth0  47161  39165   1233      1      0      0  55551  43778   1299      0      0
14:06:01    1    eth1      0      0      0      0      0      0      0      0      0      0      0
14:06:01    2    eth2      0      0      0      0      0      0      0      0      0      0      0
14:06:01    3    eth3      0      0      0      0      0      0      0      0      0      0      0
14:06:01    4      lo      0      0      0      0      0      0      0      0      0      0      0
14:06:02    0    eth0  52500  41886   1283      0      0      0  48985  40070   1251      0      0
14:06:02    1    eth1      0      0      0      0      0      0      0      0      0      0      0
14:06:02    2    eth2      0      0      0      0      0      0      0      0      0      0      0
14:06:02    3    eth3      0      0      0      0      0      0      0      0      0      0      0
14:06:02    4      lo      0      0      0      0      0      0      0      0      0      0      0
14:06:03    0    eth0  45367  38009   1222      1      0      0  55676  43622   1306      0      0
14:06:03    1    eth1      0      0      0      0      0      0      0      0      0      0      0
14:06:03    2    eth2      0      0      0      0      0      0      0      0      0      0      0
14:06:03    3    eth3      0      0      0      0      0      0      0      0      0      0      0
14:06:03    4      lo      0      0      0      0      0      0      0      0      0      0      0
14:06:04    0    eth0  48644  39951   1246      0      0      0  53785  42779   1287      0      0
14:06:04    1    eth1      0      0      0      0      0      0      0      0      0      0      0
14:06:04    2    eth2      0      0      0      0      0      0      0      0      0      0      0
14:06:04    3    eth3      0      0      0      0      0      0      0      0      0      0      0
14:06:04    4      lo      0      0      0      0      0      0      0      0      0      0      0
14:06:05    0    eth0  48834  39887   1253      1      0      0  52382  41898   1280      0      0
14:06:05    1    eth1      0      0      0      0      0      0      0      0      0      0      0
14:06:05    2    eth2      0      0      0      0      0      0      0      0      0      0      0
14:06:05    3    eth3      0      0      0      0      0      0      0      0      0      0      0
14:06:05    4      lo      0      0      0      0      0      0      0      0      0      0      0
14:06:06    0    eth0  48844  40075   1248      0      0      0  53720  42750   1286      0      0
14:06:06    1    eth1      0      0      0      0      0      0      0      0      0      0      0
14:06:06    2    eth2      0      0      0      0      0      0      0      0      0      0      0
14:06:06    3    eth3      0      0      0      0      0      0      0      0      0      0      0
14:06:06    4      lo      0      0      0      0      0      0      0      0      0      0      0
14:06:07    0    eth0  41925  35134   1221      1      0      0  51885  40640   1307      0      0
14:06:07    1    eth1      0      0      0      0      0      0      0      0      0      0      0
14:06:07    2    eth2      0      0      0      0      0      0      0      0      0      0      0
14:06:07    3    eth3      0      0      0      0      0      0      0      0      0      0      0
14:06:07    4      lo      0      0      0      0      0      0      0      0      0      0      0
14:06:08    0    eth0  48838  39988   1250      0      0      0  52891  42122   1285      0      0
14:06:08    1    eth1      0      0      0      0      0      0      0      0      0      0      0
14:06:08    2    eth2      0      0      0      0      0      0      0      0      0      0      0
14:06:08    3    eth3      0      0      0      0      0      0      0      0      0      0      0
14:06:08    4      lo      0      0      0      0      0      0      0      0      0      0      0
14:06:09    0    eth0  48838  39943   1252      1      0      0  52898  42237   1282      0      0
14:06:09    1    eth1      0      0      0      0      0      0      0      0      0      0      0
14:06:09    2    eth2      0      0      0      0      0      0      0      0      0      0      0
14:06:09    3    eth3      0      0      0      0      0      0      0      0      0      0      0
14:06:09    4      lo      0      0      0      0      0      0      0      0      0      0      0
14:06:10    0    eth0  48838  39892   1253      0      0      0  52021  41617   1280      0      0
14:06:10    1    eth1      0      0      0      0      0      0      0      0      0      0      0
14:06:10    2    eth2      0      0      0      0      0      0      0      0      0      0      0
14:06:10    3    eth3      0      0      0      0      0      0      0      0      0      0      0
14:06:10    4      lo      0      0      0      0      0      0      0      0      0      0      0
14:06:11    0    eth0  47099  39144   1232      1      0      0  55291  43582   1299      0      0
14:06:11    1    eth1      0      0      0      0      0      0      0      0      0      0      0
14:06:11    2    eth2      0      0      0      0      0      0      0      0      0      0      0
14:06:11    3    eth3      0      0      0      0      0      0      0      0      0      0      0
14:06:11    4      lo      0      0      0      0      0      0      0      0      0      0      0
14:06:12    0    eth0  50580  40834   1268      0      0      0  50507  40817   1267      0      0
14:06:12    1    eth1      0      0      0      0      0      0      0      0      0      0      0
14:06:12    2    eth2      0      0      0      0      0      0      0      0      0      0      0
14:06:12    3    eth3      0      0      0      0      0      0      0      0      0      0      0
14:06:12    4      lo      0      0      0      0      0      0      0      0      0      0      0
14:06:13    0    eth0  48028  39634   1240      1      0      0  54016  42853   1290      0      0
14:06:13    1    eth1      0      0      0      0      0      0      0      0      0      0      0
14:06:13    2    eth2      0      0      0      0      0      0      0      0      0      0      0
14:06:13    3    eth3      0      0      0      0      0      0      0      0      0      0      0
14:06:13    4      lo      0      0      0      0      0      0      0      0      0      0      0
14:06:14    0    eth0  45258  37962   1220      0      0      0  55679  43674   1305      0      0
14:06:14    1    eth1      0      0      0      0      0      0      0      0      0      0      0
14:06:14    2    eth2      0      0      0      0      0      0      0      0      0      0      0
14:06:14    3    eth3      0      0      0      0      0      0      0      0      0      0      0
14:06:14    4      lo      0      0      0      0      0      0      0      0      0      0      0
14:06:15    0    eth0  53235  42433   1284      1      0      0  48851  40104   1247      0      0
14:06:15    1    eth1      0      0      0      0      0      0      0      0      0      0      0
14:06:15    2    eth2      0      0      0      0      0      0      0      0      0      0      0
14:06:15    3    eth3      0      0      0      0      0      0      0      0      0      0      0
14:06:15    4      lo      0      0      0      0      0      0      0      0      0      0      0
14:06:16    0    eth0  45155  37938   1218      0      0      0  55677  43653   1306      0      0
14:06:16    1    eth1      0      0      0      0      0      0      0      0      0      0      0
14:06:16    2    eth2      0      0      0      0      0      0      0      0      0      0      0
14:06:16    3    eth3      0      0      0      0      0      0      0      0      0      0      0
14:06:16    4      lo      0      0      0      0      0      0      0      0      0      0      0
14:06:17    0    eth0  45686  38288   1221      1      0      0  55780  43738   1305      0      0
14:06:17    1    eth1      0      0      0      0      0      0      0      0      0      0      0
14:06:17    2    eth2      0      0      0      0      0      0      0      0      0      0      0
14:06:17    3    eth3      0      0      0      0      0      0      0      0      0      0      0
14:06:17    4      lo      0      0      0      0      0      0      0      0      0      0      0
14:06:18    0    eth0  48842  40017   1249      0      0      0  53157  42444   1282      0      0
14:06:18    1    eth1      0      0      0      0      0      0      0      0      0      0      0
14:06:18    2    eth2      0      0      0      0      0      0      0      0      0      0      0
14:06:18    3    eth3      0      0      0      0      0      0      0      0      0      0      0
14:06:18    4      lo      0      0      0      0      0      0      0      0      0      0      0
14:06:19    0    eth0  49704  40355   1261      1      0      0  51370  41283   1274      0      0
14:06:19    1    eth1      0      0      0      0      0      0      0      0      0      0      0
14:06:19    2    eth2      0      0      0      0      0      0      0      0      0      0      0
14:06:19    3    eth3      0      0      0      0      0      0      0      0      0      0      0
14:06:19    4      lo      0      0      0      0      0      0      0      0      0      0      0
14:06:20    0    eth0  47978  39681   1238      0      0      0  54719  43318   1293      0      0
14:06:20    1    eth1      0      0      0      0      0      0      0      0      0      0      0
14:06:20    2    eth2      0      0      0      0      0      0      0      0      0      0      0
14:06:20    3    eth3      0      0      0      0      0      0      0      0      0      0      0
14:06:20    4      lo      0      0      0      0      0      0      0      0      0      0      0
14:06:21    0    eth0  41937  35319   1215      1      0      0  53002  41320   1313      0      0
14:06:21    1    eth1      0      0      0      0      0      0      0      0      0      0      0
14:06:21    2    eth2      0      0      0      0      0      0      0      0      0      0      0
14:06:21    3    eth3      0      0      0      0      0      0      0      0      0      0      0
14:06:21    4      lo      0      0      0      0      0      0      0      0      0      0      0

# NETWORK STATISTICS (/sec)
#Time     Num    Name   KBIn  PktIn SizeIn  MultI   CmpI  ErrsI  KBOut PktOut  SizeO   CmpO  ErrsO
14:06:22    0    eth0  48881  39971   1252      0      0      0  52421  41880   1281      0      0
14:06:22    1    eth1      0      0      0      0      0      0      0      0      0      0      0
14:06:22    2    eth2      0      0      0      0      0      0      0      0      0      0      0
14:06:22    3    eth3      0      0      0      0      0      0      0      0      0      0      0
14:06:22    4      lo      0      0      0      0      0      0      0      0      0      0      0
14:06:23    0    eth0  48807  40152   1244      1      0      0  53957  42912   1287      0      0
14:06:23    1    eth1      0      0      0      0      0      0      0      0      0      0      0
14:06:23    2    eth2      0      0      0      0      0      0      0      0      0      0      0
14:06:23    3    eth3      0      0      0      0      0      0      0      0      0      0      0
14:06:23    4      lo      0      0      0      0      0      0      0      0      0      0      0
14:06:24    0    eth0  48838  39941   1252      0      0      0  52439  41883   1282      0      0
14:06:24    1    eth1      0      0      0      0      0      0      0      0      0      0      0
14:06:24    2    eth2      0      0      0      0      0      0      0      0      0      0      0
14:06:24    3    eth3      0      0      0      0      0      0      0      0      0      0      0
14:06:24    4      lo      0      0      0      0      0      0      0      0      0      0      0
14:06:25    0    eth0  48849  40139   1246      1      0      0  53828  42856   1286      0      0
14:06:25    1    eth1      0      0      0      0      0      0      0      0      0      0      0
14:06:25    2    eth2      0      0      0      0      0      0      0      0      0      0      0
14:06:25    3    eth3      0      0      0      0      0      0      0      0      0      0      0
14:06:25    4      lo      0      0      0      0      0      0      0      0      0      0      0
14:06:26    0    eth0  48833  39881   1253      0      0      0  52402  41878   1281      0      0
14:06:26    1    eth1      0      0      0      0      0      0      0      0      0      0      0
14:06:26    2    eth2      0      0      0      0      0      0      0      0      0      0      0
14:06:26    3    eth3      0      0      0      0      0      0      0      0      0      0      0
14:06:26    4      lo      0      0      0      0      0      0      0      0      0      0      0
14:06:27    0    eth0  48835  39916   1252      1      0      0  52352  41829   1281      0      0
14:06:27    1    eth1      0      0      0      0      0      0      0      0      0      0      0
14:06:27    2    eth2      0      0      0      0      0      0      0      0      0      0      0
14:06:27    3    eth3      0      0      0      0      0      0      0      0      0      0      0
14:06:27    4      lo      0      0      0      0      0      0      0      0      0      0      0
14:06:28    0    eth0  48848  40131   1246      0      0      0  54072  43006   1287      0      0
14:06:28    1    eth1      0      0      0      0      0      0      0      0      0      0      0
14:06:28    2    eth2      0      0      0      0      0      0      0      0      0      0      0
14:06:28    3    eth3      0      0      0      0      0      0      0      0      0      0      0
14:06:28    4      lo      0      0      0      0      0      0      0      0      0      0      0
14:06:29    0    eth0  48834  39889   1253      1      0      0  52099  41672   1280      0      0
14:06:29    1    eth1      0      0      0      0      0      0      0      0      0      0      0
14:06:29    2    eth2      0      0      0      0      0      0      0      0      0      0      0
14:06:29    3    eth3      0      0      0      0      0      0      0      0      0      0      0
14:06:29    4      lo      0      0      0      0      0      0      0      0      0      0      0
14:06:30    0    eth0  48850  40161   1245      0      0      0  53809  42820   1286      0      0
14:06:30    1    eth1      0      0      0      0      0      0      0      0      0      0      0
14:06:30    2    eth2      0      0      0      0      0      0      0      0      0      0      0
14:06:30    3    eth3      0      0      0      0      0      0      0      0      0      0      0
14:06:30    4      lo      0      0      0      0      0      0      0      0      0      0      0
14:06:31    0    eth0  46024  38497   1224      1      0      0  55682  43717   1304      0      0
14:06:31    1    eth1      0      0      0      0      0      0      0      0      0      0      0
14:06:31    2    eth2      0      0      0      0      0      0      0      0      0      0      0
14:06:31    3    eth3      0      0      0      0      0      0      0      0      0      0      0
14:06:31    4      lo      0      0      0      0      0      0      0      0      0      0      0
14:06:32    0    eth0  51653  41422   1276      0      0      0  50031  40642   1260      0      0
14:06:32    1    eth1      0      0      0      0      0      0      0      0      0      0      0
14:06:32    2    eth2      0      0      0      0      0      0      0      0      0      0      0
14:06:32    3    eth3      0      0      0      0      0      0      0      0      0      0      0
14:06:32    4      lo      0      0      0      0      0      0      0      0      0      0      0
14:06:33    0    eth0  48457  39915   1243      1      0      0  54505  43218   1291      0      0
14:06:33    1    eth1      0      0      0      0      0      0      0      0      0      0      0
14:06:33    2    eth2      0      0      0      0      0      0      0      0      0      0      0
14:06:33    3    eth3      0      0      0      0      0      0      0      0      0      0      0
14:06:33    4      lo      0      0      0      0      0      0      0      0      0      0      0
14:06:34    0    eth0  45731  38272   1223      0      0      0  55679  43681   1305      0      0
14:06:34    1    eth1      0      0      0      0      0      0      0      0      0      0      0
14:06:34    2    eth2      0      0      0      0      0      0      0      0      0      0      0
14:06:34    3    eth3      0      0      0      0      0      0      0      0      0      0      0
14:06:34    4      lo      0      0      0      0      0      0      0      0      0      0      0
14:06:35    0    eth0  52334  41850   1280      1      0      0  48838  39904   1253      0      0
14:06:35    1    eth1      0      0      0      0      0      0      0      0      0      0      0
14:06:35    2    eth2      0      0      0      0      0      0      0      0      0      0      0
14:06:35    3    eth3      0      0      0      0      0      0      0      0      0      0      0
14:06:35    4      lo      0      0      0      0      0      0      0      0      0      0      0
14:06:36    0    eth0  41966  35741   1202      0      0      0  55639  43135   1320      0      0
14:06:36    1    eth1      0      0      0      0      0      0      0      0      0      0      0
14:06:36    2    eth2      0      0      0      0      0      0      0      0      0      0      0
14:06:36    3    eth3      0      0      0      0      0      0      0      0      0      0      0
14:06:36    4      lo      0      0      0      0      0      0      0      0      0      0      0
14:06:37    0    eth0  45968  38446   1224      1      0      0  55681  43704   1304      0      0
14:06:37    1    eth1      0      0      0      0      0      0      0      0      0      0      0
14:06:37    2    eth2      0      0      0      0      0      0      0      0      0      0      0
14:06:37    3    eth3      0      0      0      0      0      0      0      0      0      0      0
14:06:37    4      lo      0      0      0      0      0      0      0      0      0      0      0
14:06:38    0    eth0  51719  41629   1272      0      0      0  50109  40719   1260      0      0
14:06:38    1    eth1      0      0      0      0      0      0      0      0      0      0      0
14:06:38    2    eth2      0      0      0      0      0      0      0      0      0      0      0
14:06:38    3    eth3      0      0      0      0      0      0      0      0      0      0      0
14:06:38    4      lo      0      0      0      0      0      0      0      0      0      0      0
14:06:39    0    eth0  48058  39598   1242      1      0      0  54425  43107   1292      0      0
14:06:39    1    eth1      0      0      0      0      0      0      0      0      0      0      0
14:06:39    2    eth2      0      0      0      0      0      0      0      0      0      0      0
14:06:39    3    eth3      0      0      0      0      0      0      0      0      0      0      0
14:06:39    4      lo      0      0      0      0      0      0      0      0      0      0      0
14:06:40    0    eth0  46066  38546   1223      0      0      0  55680  43688   1305      0      0
14:06:40    1    eth1      0      0      0      0      0      0      0      0      0      0      0
14:06:40    2    eth2      0      0      0      0      0      0      0      0      0      0      0
14:06:40    3    eth3      0      0      0      0      0      0      0      0      0      0      0
14:06:40    4      lo      0      0      0      0      0      0      0      0      0      0      0
14:06:41    0    eth0  46079  38582   1222      1      0      0  55683  43730   1303      0      0
14:06:41    1    eth1      0      0      0      0      0      0      0      0      0      0      0
14:06:41    2    eth2      0      0      0      0      0      0      0      0      0      0      0
14:06:41    3    eth3      0      0      0      0      0      0      0      0      0      0      0
14:06:41    4      lo      0      0      0      0      0      0      0      0      0      0      0
14:06:42    0    eth0  54212  42987   1291      0      0      0  48858  40206   1244      0      0
14:06:42    1    eth1      0      0      0      0      0      0      0      0      0      0      0
14:06:42    2    eth2      0      0      0      0      0      0      0      0      0      0      0
14:06:42    3    eth3      0      0      0      0      0      0      0      0      0      0      0
14:06:42    4      lo      0      0      0      0      0      0      0      0      0      0      0
14:06:43    0    eth0  45761  38338   1222      1      0      0  55680  43684   1305      0      0
14:06:43    1    eth1      0      0      0      0      0      0      0      0      0      0      0
14:06:43    2    eth2      0      0      0      0      0      0      0      0      0      0      0
14:06:43    3    eth3      0      0      0      0      0      0      0      0      0      0      0
14:06:43    4      lo      0      0      0      0      0      0      0      0      0      0      0

# NETWORK STATISTICS (/sec)
#Time     Num    Name   KBIn  PktIn SizeIn  MultI   CmpI  ErrsI  KBOut PktOut  SizeO   CmpO  ErrsO
14:06:44    0    eth0  46045  38464   1225      0      0      0  55681  43704   1304      0      0
14:06:44    1    eth1      0      0      0      0      0      0      0      0      0      0      0
14:06:44    2    eth2      0      0      0      0      0      0      0      0      0      0      0
14:06:44    3    eth3      0      0      0      0      0      0      0      0      0      0      0
14:06:44    4      lo      0      0      0      0      0      0      0      0      0      0      0
14:06:45    0    eth0  52971  42266   1283      1      0      0  48848  40057   1248      0      0
14:06:45    1    eth1      0      0      0      0      0      0      0      0      0      0      0
14:06:45    2    eth2      0      0      0      0      0      0      0      0      0      0      0
14:06:45    3    eth3      0      0      0      0      0      0      0      0      0      0      0
14:06:45    4      lo      0      0      0      0      0      0      0      0      0      0      0
14:06:46    0    eth0  45761  38255   1224      0      0      0  55679  43682   1305      0      0
14:06:46    1    eth1      0      0      0      0      0      0      0      0      0      0      0
14:06:46    2    eth2      0      0      0      0      0      0      0      0      0      0      0
14:06:46    3    eth3      0      0      0      0      0      0      0      0      0      0      0
14:06:46    4      lo      0      0      0      0      0      0      0      0      0      0      0
14:06:47    0    eth0  47794  39543   1237      1      0      0  55050  43552   1294      0      0
14:06:47    1    eth1      0      0      0      0      0      0      0      0      0      0      0
14:06:47    2    eth2      0      0      0      0      0      0      0      0      0      0      0
14:06:47    3    eth3      0      0      0      0      0      0      0      0      0      0      0
14:06:47    4      lo      0      0      0      0      0      0      0      0      0      0      0
14:06:48    0    eth0  51926  41637   1277      0      0      0  49586  40392   1257      0      0
14:06:48    1    eth1      0      0      0      0      0      0      0      0      0      0      0
14:06:48    2    eth2      0      0      0      0      0      0      0      0      0      0      0
14:06:48    3    eth3      0      0      0      0      0      0      0      0      0      0      0
14:06:48    4      lo      0      0      0      0      0      0      0      0      0      0      0
14:06:49    0    eth0  45803  38267   1225      1      0      0  55678  43668   1305      0      0
14:06:49    1    eth1      0      0      0      0      0      0      0      0      0      0      0
14:06:49    2    eth2      0      0      0      0      0      0      0      0      0      0      0
14:06:49    3    eth3      0      0      0      0      0      0      0      0      0      0      0
14:06:49    4      lo      0      0      0      0      0      0      0      0      0      0      0
14:06:50    0    eth0  20855  16831   1268      0      0      0  20913  16891   1267      0      0
14:06:50    1    eth1      0      0      0      0      0      0      0      0      0      0      0
14:06:50    2    eth2      0      0      0      0      0      0      0      0      0      0      0
14:06:50    3    eth3      0      0      0      0      0      0      0      0      0      0      0
14:06:50    4      lo      0      0      0      0      0      0      0      0      0      0      0
14:06:51    0    eth0      0      1    123      1      0      0      0      0      0      0      0
14:06:51    1    eth1      0      0      0      0      0      0      0      0      0      0      0
14:06:51    2    eth2      0      0      0      0      0      0      0      0      0      0      0
14:06:51    3    eth3      0      0      0      0      0      0      0      0      0      0      0
14:06:51    4      lo      0      0      0      0      0      0      0      0      0      0      0
14:06:52    0    eth0      0      0      0      0      0      0      0      0      0      0      0
14:06:52    1    eth1      0      0      0      0      0      0      0      0      0      0      0
14:06:52    2    eth2      0      0      0      0      0      0      0      0      0      0      0
14:06:52    3    eth3      0      0      0      0      0      0      0      0      0      0      0
14:06:52    4      lo      0      0      0      0      0      0      0      0      0      0      0
