waiting for 1 second sample...

# NETWORK STATISTICS (/sec)
#Time     Num    Name   KBIn  PktIn SizeIn  MultI   CmpI  ErrsI  KBOut PktOut  SizeO   CmpO  ErrsO
14:05:09    0    eth0      0      6    118      1      0      0      0      8     88      0      0
14:05:10    0    eth0      0      0      0      0      0      0      0      0      0      0      0
14:05:11    0    eth0      0      1    123      1      0      0      0      0      0      0      0
14:05:12    0    eth0      0      0      0      0      0      0      0      0      0      0      0
14:05:13    0    eth0      0      1    123      1      0      0      0      0      0      0      0
14:05:14    0    eth0      0      5    117      0      0      0      0      8     88      0      0
14:05:15    0    eth0      0      1    123      1      0      0      0      0      0      0      0
14:05:16    0    eth0      0      0      0      0      0      0      0      0      0      0      0
14:05:17    0    eth0      0      1    123      1      0      0      0      0      0      0      0
14:05:18    0    eth0      0      0      0      0      0      0      0      0      0      0      0
14:05:19    0    eth0      0      6    118      1      0      0      0      8     88      0      0
14:05:20    0    eth0      0      0      0      0      0      0      0      0      0      0      0
14:05:21    0    eth0      0      1    123      1      0      0      0      0      0      0      0
14:05:22    0    eth0      0      0      0      0      0      0      0      0      0      0      0
14:05:23    0    eth0      0      1    123      1      0      0      0      0      0      0      0
14:05:24    0    eth0      0      5    105      0      0      0      0      8     82      0      0
14:05:25    0    eth0    211    986    219      1      0      0    284    984    295      0      0
14:05:26    0    eth0    328   1536    219      0      0      0    448   1543    297      0      0
14:05:27    0    eth0      0      2    118      1      0      0      0      1     70      0      0
14:05:28    0    eth0      0      7    127      0      0      0      0      6    115      0      0
14:05:29    0    eth0  34692  25723   1381      1      0      0  21101  18841   1146      0      0
14:05:30    0    eth0  47594  37188   1310      0      0      0  48784  39200   1274      0      0
14:05:31    0    eth0  49804  38607   1320      1      0      0  48810  39572   1263      0      0
14:05:32    0    eth0  55539  41624   1366      0      0      0  42257  35965   1203      0      0
14:05:33    0    eth0  48698  37910   1315      1      0      0  48510  39220   1266      0      0
14:05:34    0    eth0  49110  38300   1313      0      0      0  48808  39514   1264      0      0
14:05:35    0    eth0  55127  41186   1370      1      0      0  42311  35887   1207      0      0
14:05:36    0    eth0  49382  38109   1326      0      0      0  48450  39203   1265      0      0
14:05:37    0    eth0  48442  37773   1313      1      0      0  48800  39433   1267      0      0
14:05:38    0    eth0  55103  41400   1362      0      0      0  43103  36438   1211      0      0
14:05:39    0    eth0  48698  37636   1324      1      0      0  47745  38730   1262      0      0
14:05:40    0    eth0  48670  37707   1321      0      0      0  47457  38486   1262      0      0
14:05:41    0    eth0  51008  39069   1336      1      0      0  43257  35949   1232      0      0
14:05:42    0    eth0  46377  36541   1299      0      0      0  48770  39028   1279      0      0
14:05:43    0    eth0  50720  38581   1346      1      0      0  41916  35009   1226      0      0
14:05:44    0    eth0  51981  38961   1366      0      0      0  35030  30526   1175      0      0
14:05:45    0    eth0  45034  35781   1288      1      0      0  48763  38893   1283      0      0
14:05:46    0    eth0  53835  41117   1340      0      0      0  41944  35423   1212      0      0
14:05:47    0    eth0  48667  37463   1330      1      0      0  42104  34901   1235      0      0
14:05:48    0    eth0  46337  36562   1297      0      0      0  48571  38969   1276      0      0
14:05:49    0    eth0  51055  39158   1335      1      0      0  43629  36209   1233      0      0
14:05:50    0    eth0  48702  37972   1313      0      0      0  44918  36784   1250      0      0
14:05:51    0    eth0  48803  39402   1268      1      0      0  50781  40729   1276      0      0
14:05:52    0    eth0  55677  43652   1306      0      0      0  45584  38106   1224      0      0
14:05:53    0    eth0  55675  43620   1307      1      0      0  45624  38167   1224      0      0
14:05:54    0    eth0  48860  40221   1243      0      0      0  54047  42924   1289      0      0
14:05:55    0    eth0  55677  43647   1306      1      0      0  45471  38055   1223      0      0
14:05:56    0    eth0  55665  43809   1301      0      0      0  46813  38978   1229      0      0
14:05:57    0    eth0  48864  39944   1252      1      0      0  52235  41699   1282      0      0
14:05:58    0    eth0  55675  43617   1307      0      0      0  45473  38073   1223      0      0
14:05:59    0    eth0  53426  41705   1311      1      0      0  41893  35319   1214      0      0
14:06:00    0    eth0  52064  41583   1282      0      0      0  48834  39889   1253      0      0
14:06:01    0    eth0  53589  42648   1286      1      0      0  48840  40012   1249      0      0
14:06:02    0    eth0  52069  41652   1280      0      0      0  48832  39868   1254      0      0
14:06:03    0    eth0  53516  42628   1285      1      0      0  48847  40116   1246      0      0
14:06:04    0    eth0  52352  41829   1281      0      0      0  48835  39901   1253      0      0
14:06:05    0    eth0  52167  41717   1280      1      0      0  48833  39916   1252      0      0
14:06:06    0    eth0  55690  43832   1301      0      0      0  46366  38730   1225      0      0
14:06:07    0    eth0  49494  40274   1258      1      0      0  51313  41226   1274      0      0
14:06:08    0    eth0  55034  43464   1296      0      0      0  46880  39003   1230      0      0
14:06:09    0    eth0  55673  43590   1307      1      0      0  45189  37941   1219      0      0
14:06:10    0    eth0  48860  40214   1244      0      0      0  53828  42823   1287      0      0
14:06:11    0    eth0  55674  43600   1307      1      0      0  45361  38002   1222      0      0
14:06:12    0    eth0  55685  43763   1302      0      0      0  46208  38613   1225      0      0
14:06:13    0    eth0  53859  41902   1316      1      0      0  41946  35443   1211      0      0
14:06:14    0    eth0  50600  40884   1267      0      0      0  50620  40876   1268      0      0
14:06:15    0    eth0  55644  43780   1301      1      0      0  47066  39211   1229      0      0
14:06:16    0    eth0  52568  41995   1281      0      0      0  48838  39952   1251      0      0
14:06:17    0    eth0  51995  41648   1278      1      0      0  49121  40076   1255      0      0
14:06:18    0    eth0  54144  43006   1289      0      0      0  48560  39937   1245      0      0
14:06:19    0    eth0  52489  41932   1281      1      0      0  48837  39937   1252      0      0
14:06:20    0    eth0  53588  42671   1285      0      0      0  48844  40074   1248      0      0
14:06:21    0    eth0  52439  41904   1281      1      0      0  48836  39927   1252      0      0
14:06:22    0    eth0  52654  42066   1281      0      0      0  48841  39992   1250      0      0
14:06:23    0    eth0  54228  43090   1288      1      0      0  48854  40229   1243      0      0
14:06:24    0    eth0  52745  42097   1283      0      0      0  48835  39900   1253      0      0
14:06:25    0    eth0  52822  42146   1283      1      0      0  48839  39968   1251      0      0
14:06:26    0    eth0  55540  43774   1299      0      0      0  47146  39152   1233      0      0
14:06:27    0    eth0  51338  41356   1271      1      0      0  50543  40980   1262      0      0
14:06:28    0    eth0  53778  41870   1315      0      0      0  41949  35499   1210      0      0
14:06:29    0    eth0  55042  43524   1295      1      0      0  47705  39536   1235      0      0
14:06:30    0    eth0  51762  41573   1274      0      0      0  49990  40665   1258      0      0
14:06:31    0    eth0  52834  42204   1281      1      0      0  48937  40027   1251      0      0
14:06:32    0    eth0  55689  43820   1301      0      0      0  46990  39176   1228      0      0
14:06:33    0    eth0  51307  41402   1268      1      0      0  50710  41100   1263      0      0
14:06:34    0    eth0  53227  42425   1284      0      0      0  48838  39987   1250      0      0
14:06:35    0    eth0  55687  43788   1302      1      0      0  46507  38813   1227      0      0
14:06:36    0    eth0  55681  43706   1304      0      0      0  45920  38396   1224      0      0
14:06:37    0    eth0  48848  40054   1248      1      0      0  53122  42359   1284      0      0
14:06:38    0    eth0  55681  43706   1304      0      0      0  45801  38315   1224      0      0
14:06:39    0    eth0  55684  43739   1303      1      0      0  46064  38456   1226      0      0
14:06:40    0    eth0  48854  40135   1246      0      0      0  53610  42661   1286      0      0
14:06:41    0    eth0  55680  43686   1305      1      0      0  45916  38351   1226      0      0
14:06:42    0    eth0  27870  22286   1280      0      0      0  26075  21280   1254      0      0
14:06:43    0    eth0      0      1    123      1      0      0      0      0      0      0      0
14:06:44    0    eth0      0      7    105      0      0      0      1     10    106      0      0
14:06:45    0    eth0      0      1    123      1      0      0      0      0      0      0      0
