waiting for 1 second sample...

# NFS SERVER/CLIENT DETAILS (/sec)
#Time     Type Read Writ Comm Look Accs Gttr Sttr Rdir Cre8 Rmov Rnam Link Rlnk Null Syml Mkdr Rmdr Fsta Finf Path Mknd Rdr+
14:05:09  Clt4    0    0    0    0    0    0    0    0    0    0    0    0    0    0    0                   0    0
14:05:10  Clt4    0    0    0    0    0    0    0    0    0    0    0    0    0    0    0                   0    0
14:05:11  Clt4    0    0    0    0    0    0    0    0    0    0    0    0    0    0    0                   0    0
14:05:12  Clt4    0    0    0    0    0    0    0    0    0    0    0    0    0    0    0                   0    0
14:05:13  Clt4    0    0    0    0    0    0    0    0    0    0    0    0    0    0    0                   0    0
14:05:14  Clt4    0    0    0    0    0    0    0    0    0    0    0    0    0    0    0                   0    0
14:05:15  Clt4    0    0    0    0    0    0    0    0    0    0    0    0    0    0    0                   0    0
14:05:16  Clt4    0    0    0    0    0    0    0    0    0    0    0    0    0    0    0                   0    0
14:05:17  Clt4    0    0    0    0    0    0    0    0    0    0    0    0    0    0    0                   0    0
14:05:18  Clt4    0    0    0    0    0    0    0    0    0    0    0    0    0    0    0                   0    0
14:05:19  Clt4    0    0    0    0    0    0    0    0    0    0    0    0    0    0    0                   0    0
14:05:20  Clt4    0    0    0    0    0    0    0    0    0    0    0    0    0    0    0                   0    0
14:05:21  Clt4    0    0    0    0    0    0    0    0    0    0    0    0    0    0    0                   0    0
14:05:22  Clt4    0    0    0    0    0    0    0    0    0    0    0    0    0    0    0                   0    0
14:05:23  Clt4    0    0    0    0    0    0    0    0    0    0    0    0    0    0    0                   0    0
14:05:24  Clt4    0    0    0    0    0    0    0    0    0    0    0    0    0    0    0                   0    0
14:05:25  Clt4    0    0    0    2   39   86    0    0    0    0    0    0    0    0    0                   0    0
14:05:26  Clt4    0    0    0    0   17   29    0    0    0    0    0    0    0    0    0                   0    0
14:05:27  Clt4    0    0    0    0    0    0    0    0    0    0    0    0    0    0    0                   0    0
14:05:28  Clt4    0    0    0    0    0    0    0    0    0    0    0    0    0    0    0                   0    0
14:05:29  Clt4    0    0    0    0    0    0    0    0    0    0    0    0    0    0    0                   0    0
14:05:30  Clt4    0    0    0    0    0    0    0    0    0    0    0    0    0    0    0                   0    0

# NFS SERVER/CLIENT DETAILS (/sec)
#Time     Type Read Writ Comm Look Accs Gttr Sttr Rdir Cre8 Rmov Rnam Link Rlnk Null Syml Mkdr Rmdr Fsta Finf Path Mknd Rdr+
14:05:31  Clt4    0    0    0    0    0    0    0    0    0    0    0    0    0    0    0                   0    0
14:05:32  Clt4    0    0    0    0    0    0    0    0    0    0    0    0    0    0    0                   0    0
14:05:33  Clt4    0    0    0    0    0    0    0    0    0    0    0    0    0    0    0                   0    0
14:05:34  Clt4    0    0    0    0    0    0    0    0    0    0    0    0    0    0    0                   0    0
14:05:35  Clt4    0    0    0    0    0    0    0    0    0    0    0    0    0    0    0                   0    0
14:05:36  Clt4    0    0    0    0    0    0    0    0    0    0    0    0    0    0    0                   0    0
14:05:37  Clt4    0    0    0    0    0    0    0    0    0    0    0    0    0    0    0                   0    0
14:05:38  Clt4    0    0    0    0    0    0    0    0    0    0    0    0    0    0    0                   0    0
14:05:39  Clt4    0    5    0    0    0    0    0    0    0    0    0    0    0    0    0                   0    0
14:05:40  Clt4    0    0    0    0    0    0    0    0    0    0    0    0    0    0    0                   0    0
14:05:41  Clt4    0    0    0    0    0    0    0    0    0    0    0    0    0    0    0                   0    0
14:05:42  Clt4    0    0    0    0    0    0    0    0    0    0    0    0    0    0    0                   0    0
14:05:43  Clt4    0    0    0    0    0    0    0    0    0    0    0    0    0    0    0                   0    0
14:05:44  Clt4    0    0    0    0    0    0    0    0    0    0    0    0    0    0    0                   0    0
14:05:45  Clt4    0    0    0    0    0    0    0    0    0    0    0    0    0    0    0                   0    0
14:05:46  Clt4    0    0    0    0    0    0    0    0    0    0    0    0    0    0    0                   0    0
14:05:47  Clt4    0    0    0    0    0    0    0    0    0    0    0    0    0    0    0                   0    0
14:05:48  Clt4    0    0    0    0    0    0    0    0    0    0    0    0    0    0    0                   0    0
14:05:49  Clt4    0    0    0    0    0    0    0    0    0    0    0    0    0    0    0                   0    0
14:05:50  Clt4    0    0    0    0    0    0    0    0    0    0    0    0    0    0    0                   0    0
14:05:51  Clt4    0    0    0    0    0    0    0    0    0    0    0    0    0    0    0                   0    0
14:05:52  Clt4    0    0    0    0    0    0    0    0    0    0    0    0    0    0    0                   0    0

# NFS SERVER/CLIENT DETAILS (/sec)
#Time     Type Read Writ Comm Look Accs Gttr Sttr Rdir Cre8 Rmov Rnam Link Rlnk Null Syml Mkdr Rmdr Fsta Finf Path Mknd Rdr+
14:05:53  Clt4    0    0    0    0    0    0    0    0    0    0    0    0    0    0    0                   0    0
14:05:54  Clt4    0    0    0    0    0    0    0    0    0    0    0    0    0    0    0                   0    0
14:05:55  Clt4    0    0    0    0    0    0    0    0    0    0    0    0    0    0    0                   0    0
14:05:56  Clt4    0    0    0    0    0    0    0    0    0    0    0    0    0    0    0                   0    0
14:05:57  Clt4    0    0    0    0    0    0    0    0    0    0    0    0    0    0    0                   0    0
14:05:58  Clt4    0    0    0    0    0    0    0    0    0    0    0    0    0    0    0                   0    0
14:05:59  Clt4    0    0    0    0    0    0    0    0    0    0    0    0    0    0    0                   0    0
14:06:00  Clt4    0    0    0    0    0    0    0    0    0    0    0    0    0    0    0                   0    0
14:06:01  Clt4    0    0    0    0    0    0    0    0    0    0    0    0    0    0    0                   0    0
14:06:02  Clt4    0    0    0    0    0    0    0    0    0    0    0    0    0    0    0                   0    0
14:06:03  Clt4    0    0    0    0    0    0    0    0    0    0    0    0    0    0    0                   0    0
14:06:04  Clt4    0    0    0    0    1    2    0    1    0    0    0    0    0    0    0                   0    0
14:06:05  Clt4    0    0    0    0    0    0    0    0    0    0    0    0    0    0    0                   0    0
14:06:06  Clt4    0    0    0    0    0    0    0    0    0    0    0    0    0    0    0                   0    0
14:06:07  Clt4    0    0    0    0    0    0    0    0    0    0    0    0    0    0    0                   0    0
14:06:08  Clt4    0    0    0    0    0    0    0    0    0    0    0    0    0    0    0                   0    0
14:06:09  Clt4    0    0    0    0    0    0    0    0    0    0    0    0    0    0    0                   0    0
14:06:10  Clt4    0    5    0    0    0    0    0    0    0    0    0    0    0    0    0                   0    0
14:06:11  Clt4    0    0    0    0    0    0    0    0    0    0    0    0    0    0    0                   0    0
14:06:12  Clt4    0    0    0    0    0    0    0    0    0    0    0    0    0    0    0                   0    0
14:06:13  Clt4    0    0    0    0    0    0    0    0    0    0    0    0    0    0    0                   0    0
14:06:14  Clt4    0    0    0    0    0    0    0    0    0    0    0    0    0    0    0                   0    0

# NFS SERVER/CLIENT DETAILS (/sec)
#Time     Type Read Writ Comm Look Accs Gttr Sttr Rdir Cre8 Rmov Rnam Link Rlnk Null Syml Mkdr Rmdr Fsta Finf Path Mknd Rdr+
14:06:15  Clt4    0    0    0    0    0    0    0    0    0    0    0    0    0    0    0                   0    0
14:06:16  Clt4    0    0    0    0    0    0    0    0    0    0    0    0    0    0    0                   0    0
14:06:17  Clt4    0    0    0    0    0    0    0    0    0    0    0    0    0    0    0                   0    0
14:06:18  Clt4    0    0    0    0    0    0    0    0    0    0    0    0    0    0    0                   0    0
14:06:19  Clt4    0    0    0    0    0    0    0    0    0    0    0    0    0    0    0                   0    0
14:06:20  Clt4    0    0    0    0    0    0    0    0    0    0    0    0    0    0    0                   0    0
14:06:21  Clt4    0    0    0    0    0    0    0    0    0    0    0    0    0    0    0                   0    0
14:06:22  Clt4    0    0    0    0    0    0    0    0    0    0    0    0    0    0    0                   0    0
14:06:23  Clt4    0    0    0    0    0    0    0    0    0    0    0    0    0    0    0                   0    0
14:06:24  Clt4    0    0    0    0    0    0    0    0    0    0    0    0    0    0    0                   0    0
14:06:25  Clt4    0    0    0    0    0    0    0    0    0    0    0    0    0    0    0                   0    0
14:06:26  Clt4    0    0    0    0    0    0    0    0    0    0    0    0    0    0    0                   0    0
14:06:27  Clt4    0    0    0    0    0    0    0    0    0    0    0    0    0    0    0                   0    0
14:06:28  Clt4    0    0    0    0    0    0    0    0    0    0    0    0    0    0    0                   0    0
14:06:29  Clt4    0    0    0    0    0    0    0    0    0    0    0    0    0    0    0                   0    0
14:06:30  Clt4    0    0    0    0    0    0    0    0    0    0    0    0    0    0    0                   0    0
14:06:31  Clt4    0    0    0    0    0    0    0    0    0    0    0    0    0    0    0                   0    0
14:06:32  Clt4    0    0    0    0    0    0    0    0    0    0    0    0    0    0    0                   0    0
14:06:33  Clt4    0    0    0    0    0    0    0    0    0    0    0    0    0    0    0                   0    0
14:06:34  Clt4    0    0    0    0    0    0    0    0    0    0    0    0    0    0    0                   0    0
14:06:35  Clt4    0    0    0    0    0    0    0    0    0    0    0    0    0    0    0                   0    0
14:06:36  Clt4    0    0    0    0    0    0    0    0    0    0    0    0    0    0    0                   0    0

# NFS SERVER/CLIENT DETAILS (/sec)
#Time     Type Read Writ Comm Look Accs Gttr Sttr Rdir Cre8 Rmov Rnam Link Rlnk Null Syml Mkdr Rmdr Fsta Finf Path Mknd Rdr+
14:06:37  Clt4    0    0    0    0    0    0    0    0    0    0    0    0    0    0    0                   0    0
14:06:38  Clt4    0    0    0    0    0    0    0    0    0    0    0    0    0    0    0                   0    0
14:06:39  Clt4    0    0    0    0    0    0    0    0    0    0    0    0    0    0    0                   0    0
14:06:40  Clt4    0    0    0    0    0    0    0    0    0    0    0    0    0    0    0                   0    0
14:06:41  Clt4    0    5    0    0    0    0    0    0    0    0    0    0    0    0    0                   0    0
14:06:42  Clt4    0    0    0    0    0    0    0    0    0    0    0    0    0    0    0                   0    0
14:06:43  Clt4    0    0    0    0    0    0    0    0    0    0    0    0    0    0    0                   0    0
14:06:44  Clt4    0    0    0    0    0    0    0    0    0    0    0    0    0    0    0                   0    0
14:06:45  Clt4    0    0    0    0    0    0    0    0    0    0    0    0    0    0    0                   0    0
